
-227.08126253	
-226.53912973	
-227.64245377	
-225.45098734	
-226.74911455	
-228.91011402	
-227.52479531	
-227.23692964	
-227.66732607	
-225.27233394	
-224.82953758	
-227.84538469	
-226.86931938	
-225.53170903	
-226.32399677	
-225.48655848	
-228.81763893	
-228.06368791	
-232.39305268	
-229.09039516	
-229.13316687	
-229.10658261	
-229.48166981	
-233.03072193	
-232.40422395	
-231.18977108	
-230.32078908	
-232.30489244	
-230.70793656	
-231.20390736	
-231.01037418	
-233.32482789	
-230.21378699	
-229.89909460	
-230.85461149	
-231.86723187	
-234.66245384	
-232.51463735	
-234.71144087	
-236.50442906	
-235.98609411	
-237.21325617	
-238.26046087	
-236.86540665	
-237.82651111	
-238.69886939	
-240.80642773	
-236.65061206	
-236.04970083	
-237.99090024	
-237.34268300	
-236.85466084	
-237.61197864	
-238.42965257	
-236.41785221	
-238.30517131	
-235.33394428	
-233.98146237	
-237.24232467	
-238.18275028	
-237.10481822	
-235.48165164	
-235.42268625	
-232.24778344	
-231.56308237	
-231.05990062	
-232.64200482	
-232.59545691	
-233.91169760	
-232.06698652	
-234.30080671	
-229.56300106	
-231.40723348	
-230.66163412	
-231.26528718	
-230.69101937	
-232.16893081	
-231.64209290	
-231.54190964	
-235.78018601	
-234.47010144	
-233.92327887	
-234.27671529	
-231.73957226	
-232.75868921	
-234.41558458	
-232.44830573	
-231.39512175	
-231.38431176	
-232.48117822	
-231.53758337	
-230.38295285	
-231.93515630	
-232.98150791	
-231.02237945	
-234.30348884	
-230.42219057	
-230.76936559	
-233.40261159	
-229.31865078	
-229.46335333	
-229.59795569	
-230.40655380	
-234.48180974	
-230.75910248	
-231.72632006	
-230.83948420	
-229.93491925	
-229.63082461	
-229.99552025	
-232.26925300	
-234.39746819	
-235.80838411	
-233.72053278	
-234.50252316	
-234.08689278	
-233.38300941	
-233.17988021	
-232.79194857	
-231.65372940	
-231.96962362	
-233.05298113	
-233.19647480	
-233.22967255	
-235.44800317	
-234.75557249	
-234.63731156	
-233.87961035	
-234.20887762	
-232.69065968	
-229.49234255	
-232.43329497	
-236.41169374	
-237.81096845	
-234.69763905	
-233.43577125	
-234.08865315	
-235.58457865	
-233.99179695	
-233.51918455	
-234.54934337	
-233.05084690	
-232.00915541	
-232.45245174	
-231.87892377	
-230.60180924	
-233.03228196	
-232.02896844	
-233.86245247	
-235.29777525	
-233.71289751	
-233.19540242	
-234.86796746	
-234.89280835	
-232.54834503	
-230.50135350	
-230.95052878	
-230.17387178	
-230.44087208	
-228.25853203	
-229.87424191	
-230.90482317	
-231.99552092	
-230.77183862	
-227.45104843	
-227.75386415	
-228.63554367	
-230.45015291	
-231.05686352	
-231.30961909	
-231.72176991	
-229.31032702	
-230.85590528	
-230.09864370	
-228.93338352	
-229.71851407	
-230.03484769	
-230.38517415	
-231.80100785	
-232.10906980	
-230.74389774	
-228.82086013	
-226.19529739	
-228.37040930	
-227.55947690	
-228.60055751	
-228.24036669	
-228.32950917	
-229.90571753	
-230.52659120	
-232.57033283	
-229.28325475	
-230.49918022	
-230.42359386	
-229.47012948	
-227.25962114	
-225.49676859	
-225.86178207	
-224.67760068	
-224.44732702	
-226.67831477	
-225.02702963	
-224.56629424	
-224.96492592	
-225.11656887	
-230.65203601	
-229.08800786	
-226.37058186	
-232.20377074	
-228.87776213	
-230.48418373	
-231.33357844	
-235.33476680	
-228.06233777	
-229.24067825	
-228.30131696	
-227.15866282	
-228.88063852	
-231.50276118	
-231.75224834	
-235.51463957	
-233.99217961	
-230.13072586	
-231.16890052	
-230.90759390	
-232.54140447	
-237.82959540	
-233.67943302	
-229.78192550	
-230.97908926	
-233.88978489	
-234.28889638	
-234.49554090	
-235.01679747	
-234.27802249	
-233.02662910	
-233.81644879	
-234.97531765	
-232.81856949	
-234.86344393	
-235.34211785	
-236.12860856	
-234.94768271	
-235.18670606	
-233.32267583	
-234.22864751	
-233.27510595	
-236.09919808	
-238.61753604	
-238.17265313	
-235.48809561	
-234.30714452	
-234.92144183	
-234.91509538	
-232.76651973	
-236.42990586	
-233.68838594	
-235.11244679	
-233.13410185	
-232.45019731	
-232.09447283	
-234.10510650	
-234.51325900	
-233.54253839	
-231.75627077	
-232.01537030	
-231.05620739	
-232.00038895	
-231.10335878	
-232.54164598	
-232.75896831	
-230.63860086	
-233.82932388	
-234.23496247	
-235.22531703	
-234.22748441	
-237.16286618	
-234.31551778	
-233.16905064	
-234.70596751	
-233.49374984	
-234.19606649	
-230.66431235	
-233.77699817	
-232.82139180	
-229.79223768	
-230.75106925	
-228.20491448	
-230.37225848	
-229.46908967	
-233.31086324	
-229.58808577	
-230.43089921	
-230.75453120	
-232.17061123	
-233.85542762	
-232.48386182	
-231.85145224	
-231.62105360	
-229.70393104	
-230.64987874	
-229.20100336	
-229.37600064	
-231.75562710	
-230.65418714	
-228.37372257	
-228.25257498	
-229.23745696	
-228.66202251	
-228.36240975	
-230.71483148	
-231.09922614	
-228.46025094	
-227.22178389	
-229.41313263	
-228.67009585	
-228.60915554	
-227.41750519	
-227.71602517	
-225.61087520	
-225.64444585	
-224.67486989	
-223.68855494	
-225.19534080	
-224.19314194	
-225.35295881	
-225.11051480	
-225.67120102	
-225.12036604	
-227.57515575	
-233.76969042	
-229.64755228	
-228.00384429	
-226.17729315	
-225.53818486	
-222.35757438	
-222.95726297	
-223.94975644	
-222.95369480	
-224.72503517	
-224.24268009	
-225.96474783	
-226.19150679	
-226.38449588	
-226.34054475	
-226.91967294	
-226.64785260	
-225.95280119	
-225.06278931	
-225.33890312	
-224.98462849	
-226.74706487	
-225.94839923	
-228.90677992	
-228.24281467	
-226.42766387	
-225.46080183	
-224.64513531	
-227.13187913	
-224.88794187	
-226.36834521	
-224.60332156	
-224.51784031	
-225.66457180	
-228.20973647	
-229.38407911	
-229.57433164	
-227.16661609	
-226.28890986	
-227.90331495	
-227.81097099	
-227.74413000	
-230.91785027	
-230.40654666	
-230.05802138	
-227.43167353	
-227.26953550	
-226.78229684	
-226.10941978	
-225.30499604	
-227.58275738	
-226.29435281	
-228.26028568	
-228.11628050	
-226.75677126	
-228.24998125	
-229.43849101	
-231.72459636	
-228.68326772	
-226.24142025	
-227.45927305	
-227.56512263	
-229.26818212	
-227.36035929	
-228.15639929	
-229.34801861	
-229.29118320	
-228.22833754	
-226.82884982	
-226.04841927	
-225.53057468	
-224.16760516	
-223.38598987	
-224.51767164	
-223.99714290	
-224.46364246	
-224.75389421	
-225.61746990	
-224.60760237	
-225.14787416	
-227.91318233	
-227.36746672	
-228.68189002	
-226.67267982	
-226.50178102	
-228.35883810	
-229.00308368	
-230.13223874	
-231.16074634	
-231.11656057	
-232.12450147	
-230.72371413	
-234.19626457	
-230.05585299	
-231.46491807	
-231.08015239	
-228.78910176	
-229.32053932	
-229.79049310	
-228.41785742	
-226.93890504	
-227.98573726	
-228.48641050	
-227.68108521	
-224.80529027	
-225.92947537	
-226.61251911	
-227.49295745	
-225.22462883	
-225.87809926	
-225.14023583	
-224.47259483	
-226.00336579	
-226.19954172	
-225.14652915	
-227.48505766	
-225.68686324	
-224.77543607	
-226.97340419	
-227.53984481	
-227.74235137	
-229.51713733	
-228.45684401	
-227.90099084	
-228.81076494	
-227.45389484	
-228.27729726	
-227.87127584	
-226.54028902	
-227.17343478	
-226.19368676	
-226.92395927	
-227.32067627	
-227.38013502	
-228.61664902	
-229.48101716	
-229.91621547	
-230.13383693	
-230.22705164	
-232.11078666	
-228.81757417	
-230.70750305	
-229.81391407	
-227.73123212	
-227.92747880	
-229.06762096	
-231.92321691	
-228.72924468	
-232.92638958	
-234.00569561	
-229.97530710	
-228.87909914	
-225.77414127	
-226.11346430	
-226.76439516	
-229.10796879	
-228.37044358	
-225.23299095	
-228.53420448	
-229.71900355	
-229.83534407	
-229.12314512	
-229.07942296	
-227.56641471	
-226.57794362	
-224.63497808	
-223.41884190	
-224.41686094	
-225.22338097	
-226.15505235	
-226.95404152	
-225.32212856	
-227.68974895	
-227.38254531	
-228.60874407	
-229.07737340	
-227.46607509	
-227.88888535	
-227.58729183	
-228.90807989	
-226.50974758	
-229.09083839	
-230.45996220	
-229.46909258	
-228.97227126	
-231.17590898	
-228.12558821	
-230.11601672	
-232.11289591	
-230.48760659	
-229.48569561	
-229.39103605	
-230.74438948	
-231.10469048	
-232.43952783	
-228.98006349	
-233.17645449	
-233.28712730	
-232.96008493	
-232.06614828	
-228.72555357	
-229.52243881	
-230.01095817	
-227.99955079	
-228.64872547	
-227.57455775	
-228.65471664	
-228.11951225	
-230.71467890	
-228.62279400	
-228.98179762	
-229.66078587	
-228.77355549	
-227.09378352	
-229.64637760	
-231.08374737	
-228.51069188	
-229.04469907	
-230.43021579	
-230.08687560	
-232.82817817	
-232.52841639	
-230.80940308	
-229.42671397	
-229.70612794	
-227.39243932	
-229.05688656	
-226.30350290	
-225.27747969	
-227.10226806	
-229.60876793	
-226.87788418	
-228.28284735	
-227.64611071	
-225.94819629	
-225.67950162	
-227.87334929	
-228.61119139	
-225.52909778	
-227.00987867	
-228.30419836	
-228.34382638	
-227.52033197	
-227.92002033	
-227.13445573	
-225.69429721	
-227.09971885	
-228.50533043	
-230.39460361	
-231.31587508	
-230.16092875	
-229.24060366	
-228.74149453	
-230.61948324	
-233.52260857	
-233.18434958	
-234.37621435	
-231.19455803	
-233.53782081	
-231.63259809	
-230.92837887	
-231.99567096	
-233.20574854	
-231.78799031	
-231.72891210	
-232.02147123	
-229.87967292	
-232.62411843	
-234.48012379	
-235.28458543	
-233.67500107	
-228.42037179	
-228.72146362	
-227.63913009	
-225.97071298	
-223.73579176	
-224.84293428	
-225.83052525	
-223.80916591	
-224.85768295	
-225.30000070	
-227.87398036	
-228.79414404	
-225.61729539	
-229.92462345	
-226.59466447	
-225.77677643	
-227.11041165	
-227.78445585	
-225.92692470	
-227.74861089	
-232.30429195	
-230.69902523	
-230.72049521	
-229.06724593	
-226.86145055	
-226.25870840	
-225.91753754	
-228.52353025	
-227.90578258	
-229.04077554	
-227.91548303	
-225.50272443	
-227.49071668	
-226.18009849	
-227.18952738	
-227.04270291	
-226.33114584	
-227.90971509	
-226.18418607	
-223.55664215	
-223.66789881	
-223.92584916	
-225.63031065	
-221.23501166	
-222.90455086	
-222.23920015	
-223.47044471	
-223.97756335	
-224.72259824	
-222.20957617	
-223.82069111	
-223.93147120	
-222.56597221	
-222.81017247	
-222.83812336	
-225.37088616	
-224.28103102	
-220.40387632	
-222.66989102	
-221.51829449	
-223.88539273	
-226.82850524	
-225.48011422	
-227.00846663	
-226.70418458	
-225.31008795	
-226.58293142	
-227.36975087	
-231.65896597	
-228.37980584	
-229.28582321	
-227.85080700	
-228.32824034	
-229.20186093	
-227.38051212	
-227.45136584	
-227.45603050	
-228.93317484	
-229.45265811	
-227.61761042	
-228.50493591	
-227.07669395	
-226.18942949	
-225.52681138	
-224.45881980	
-224.03073238	
-224.13532347	
-224.38700615	
-225.13552064	
-225.96583387	
-225.82792081	
-225.74673758	
-227.16554032	
-225.81860981	
-226.00813103	
-225.86714996	
-228.94837062	
-229.75783392	
-226.89692206	
-228.41665868	
-230.48667329	
-232.46391902	
-232.27794291	
-231.99448611	
-231.29915543	
-234.97566238	
-230.84641425	
-228.87702900	
-226.74487211	
-228.46429837	
-231.07796831	
-231.50635489	
-233.66725284	
-233.45581840	
-232.32476296	
-227.26578943	
-227.80836326	
-228.06994102	
-231.01523544	
-229.49055213	
-228.25719128	
-228.19742079	
-231.50846711	
-228.26646005	
-227.72523959	
-228.02873186	
-225.81817181	
-225.10425963	
-225.20025437	
-225.72027226	
-226.60205201	
-228.30019913	
-226.47065938	
-227.10357190	
-226.01130227	
-232.50961427	