
0.66199721	
0.66219796	
0.62565549	
0.62709863	
0.67435534	
0.68839556	
0.70213707	
0.70588939	
0.68617447	
0.65882994	
0.63090807	
0.58263572	
0.64796845	
0.68267631	
0.67062160	
0.65992488	
0.74101074	
0.71683052	
0.68343081	
0.67234262	
0.64329750	
0.66817162	
0.67988467	
0.68068136	
0.62324401	
0.61532199	
0.68006527	
0.70633645	
0.66258957	
0.61313216	
0.66697084	
0.72602443	
0.67162889	
0.64277914	
0.65113735	
0.66376715	
0.69279826	
0.66446342	
0.65838279	
0.65533635	
0.61493306	
0.60842938	
0.54301189	
0.51946917	
0.55039908	
0.56557636	
0.57269925	
0.58061922	
0.60282146	
0.61608707	
0.67078230	
0.65303663	
0.69047330	
0.67426666	
0.58508663	
0.57592767	
0.56990413	
0.55812209	
0.55565159	
0.53503204	
0.53538951	
0.53621737	
0.52791992	
0.54004202	
0.57171444	
0.57238032	
0.61097817	
0.60557087	
0.58933952	
0.62543295	
0.67897893	
0.57818850	
0.61331616	
0.62837458	
0.63557137	
0.64312912	
0.65067825	
0.57756551	
0.56804437	
0.54228940	
0.52702540	
0.56075321	
0.56290604	
0.58712957	
0.59278067	
0.63968587	
0.55832570	
0.60619967	
0.60905733	
0.69633338	
0.64328732	
0.65163386	
0.59023128	
0.59640702	
0.59758788	
0.67583453	
0.66703952	
0.67859150	
0.68566036	
0.59406204	
0.59255702	
0.55097020	
0.54127155	
0.56506608	
0.57899821	
0.59847404	
0.62678353	
0.58999849	
0.61480851	
0.57460760	
0.64079648	
0.61263586	
0.63709133	
0.63715593	
0.70216357	
0.70848258	
0.64832852	
0.60949321	
0.62464860	
0.60401009	
0.57563949	
0.61948759	
0.61931929	
0.58612300	
0.56296138	
0.57667336	
0.62116286	
0.65235290	
0.66533731	
0.63062671	
0.64768603	
0.66704267	
0.65435039	
0.69467219	
0.62885111	
0.67395640	
0.66869217	
0.76713544	
0.72794085	
0.72922217	
0.74538440	
0.75288341	
0.77288253	
0.75452586	
0.67056918	
0.73101455	
0.73137587	
0.64729185	
0.66952272	
0.60767313	
0.63529060	
0.59846258	
0.62501803	
0.68344962	
0.68971746	
0.69069056	
0.73508973	
0.76301897	
0.75684447	
0.71504842	
0.75621325	
0.76873226	
0.78320988	
0.71962719	
0.71421799	
0.68600983	
0.68282938	
0.69414268	
0.66002794	
0.61117434	
0.59562762	
0.61223010	
0.76657681	
0.79134241	
0.74479832	
0.69448174	
0.71287070	
0.70780289	
0.78384039	
0.75895807	
0.71757509	
0.73466575	
0.65601650	
0.71190705	
0.65926664	
0.64269870	
0.63538774	
0.64440658	
0.67582585	
0.71426817	
0.69976724	
0.69567649	
0.68047008	
0.74933993	
0.72924106	
0.74792395	
0.72225369	
0.67451528	
0.62919149	
0.65054193	
0.66941587	
0.64954450	
0.60981199	
0.63886852	
0.63841980	
0.62303137	
0.65466537	
0.64232937	
0.59487668	
0.65443773	
0.61547639	
0.59371621	
0.68938583	
0.69238261	
0.68127857	
0.72475621	
0.74596344	
0.74335413	
0.73370146	
0.72100889	
0.79061323	
0.78325637	
0.72568922	
0.62474181	
0.61913475	
0.62731012	
0.70565268	
0.61356361	
0.61905279	
0.63376232	
0.71723126	
0.74351665	
0.71323372	
0.68696850	
0.63202054	
0.59887833	
0.61698329	
0.61272891	
0.55420380	
0.51876710	
0.59536504	
0.55032169	
0.62667444	
0.57617808	
0.59210594	
0.59929976	
0.58957770	
0.58649000	
0.59127613	
0.59862276	
0.63464803	
0.64218099	
0.58435236	
0.54674585	
0.61570406	
0.64663095	
0.57520433	
0.59526372	
0.58996586	
0.59294510	
0.57587194	
0.54747220	
0.53270348	
0.57556474	
0.57604627	
0.57476500	
0.53426264	
0.54722653	
0.54737728	
0.64275683	
0.70228748	
0.59159105	
0.65977515	
0.71315903	
0.73759123	
0.69306293	
0.61270540	
0.67435049	
0.67224178	
0.71585884	
0.76096275	
0.75013048	
0.69591137	
0.69812859	
0.76372997	
0.72965772	
0.75402582	
0.73266433	
0.69783210	
0.66224694	
0.76708162	
0.71585683	
0.69571674	
0.73326892	
0.75025925	
0.71355232	
0.74996448	
0.75195575	
0.74597319	
0.71792838	
0.72623983	
0.70943550	
0.70534333	
0.73302503	
0.69640741	
0.65034956	
0.65940089	
0.75247565	
0.72160150	
0.66496430	
0.73068836	
0.71520458	
0.69655268	
0.66109313	
0.69109205	
0.71160915	
0.69212742	
0.67739752	
0.65071858	
0.71130971	
0.72119294	
0.67166979	
0.64751788	
0.66771985	
0.64300307	
0.69913206	
0.66231441	
0.65663957	
0.67315567	
0.67166191	
0.81039918	
0.66694617	
0.62071562	
0.60558053	
0.66338159	
0.68721399	
0.69120270	
0.70252066	
0.71252387	
0.66771849	
0.64078302	
0.65798576	
0.62949821	
0.65409706	
0.60164893	
0.68413059	
0.63671753	
0.66602280	
0.63757122	
0.63654572	
0.69470365	
0.72130264	
0.66812703	
0.73189372	
0.66218682	
0.67268257	
0.70740225	
0.69446125	
0.68467416	
0.66449137	
0.74522871	
0.68651873	
0.69531079	
0.71006315	
0.76908585	
0.75487743	
0.74166362	
0.70365473	
0.67427498	
0.72980521	
0.71260393	
0.73257584	
0.76396639	
0.69903383	
0.69104881	
0.64208768	
0.63390238	
0.61303989	
0.60880601	
0.59275095	
0.60649322	
0.61364663	
0.61587010	
0.63126907	
0.58323847	
0.60972820	
0.57742681	
0.66617796	
0.59076582	
0.58830598	
0.57541085	
0.58708665	
0.56642290	
0.56487266	
0.58975563	
0.54013885	
0.58176714	
0.57322914	
0.61754278	
0.64054958	
0.64868157	
0.58833028	
0.62931191	
0.68925915	
0.69842519	
0.64465774	
0.62379701	
0.64807250	
0.68784244	
0.67118348	
0.70648302	
0.71457697	
0.73728128	
0.68453151	
0.63873464	
0.62700722	
0.59176713	
0.62856803	
0.62309561	
0.68640150	
0.71727895	
0.74301256	
0.78743022	
0.71920645	
0.76292349	
0.74673364	
0.71079951	
0.70356586	
0.72421316	
0.67599400	
0.70090733	
0.59835990	
0.64986259	
0.61940474	
0.62951424	
0.67705585	
0.65250389	
0.64265261	
0.67562897	
0.68769170	
0.69563045	
0.69270688	
0.71081385	
0.71860824	
0.60555809	
0.59219774	
0.63193546	
0.58811265	
0.59862382	
0.65468640	
0.67803752	
0.74475138	
0.71781105	
0.73819278	
0.72543777	
0.71763994	
0.71154777	
0.65034151	
0.68865128	
0.72785704	
0.63811227	
0.64332591	
0.66113672	
0.67425340	
0.77263876	
0.72361318	
0.74345979	
0.76444173	
0.70963176	
0.76507564	
0.73968923	
0.79453105	
0.77032685	
0.75318902	
0.71986132	
0.72197462	
0.73042061	
0.65670273	
0.75319953	
0.76401641	
0.70456953	
0.70770827	
0.72522245	
0.67676585	
0.66110458	
0.67141459	
0.62323084	
0.66636020	
0.70443666	
0.71116190	
0.73997556	
0.70261134	
0.67329393	
0.63694497	
0.65717481	
0.72595281	
0.70218269	
0.70284969	
0.66221003	
0.67249235	
0.69416099	
0.72339506	
0.74342631	
0.69620885	
0.66154087	
0.67027953	
0.70211600	
0.72634775	
0.71993200	
0.72240724	
0.67521524	
0.69267997	
0.68814083	
0.71258207	
0.74365202	
0.66784295	
0.69990592	
0.76098429	
0.77489543	
0.69197246	
0.64681606	
0.64200900	
0.64025257	
0.66646378	
0.60989047	
0.68354259	
0.80151981	
0.72025760	
0.68226673	
0.72424147	
0.69311792	
0.73621569	
0.73263495	
0.65652043	
0.68249583	
0.64446655	
0.64753633	
0.61726251	
0.72446185	
0.71148632	
0.67845446	
0.64841179	
0.65496809	
0.65862416	
0.69396079	
0.60314221	
0.65734899	
0.64436139	
0.69414952	
0.62084793	
0.66122344	
0.68316211	
0.70053671	
0.67887364	
0.67049067	
0.69110454	
0.71918705	
0.66344035	
0.67810863	
0.71511551	
0.64451991	
0.67051311	
0.71369764	
0.67237681	
0.70254627	
0.71174213	
0.76193094	
0.75243994	
0.71286635	
0.71336587	
0.74338558	
0.71119023	
0.73795336	
0.74389175	
0.74807382	
0.73811342	
0.74399524	
0.70161465	
0.71924511	
0.68047668	
0.68407937	
0.67191574	
0.66461050	
0.66026955	
0.71553551	
0.66146321	
0.74034810	
0.69003825	
0.69501595	
0.69569651	
0.67005983	
0.69780221	
0.69327976	
0.65215136	
0.70392291	
0.73875963	
0.79016932	
0.78057360	
0.78141988	
0.79516412	
0.82061907	
0.80484755	
0.71895834	
0.69935796	
0.63806720	
0.66366017	
0.69285830	
0.71566430	
0.68452775	
0.77276244	
0.73110636	
0.70899867	
0.75890218	
0.79750270	
0.86993395	
0.82888272	
0.79018703	
0.78055800	
0.75948468	
0.79292643	
0.76447445	
0.82466103	
0.77748346	
0.72460661	
0.75345306	
0.77224666	
0.78646510	
0.77795352	
0.82333371	
0.82876145	
0.83088265	
0.73807460	
0.73696299	
0.80506309	
0.79282838	
0.79557066	
0.81981454	
0.75438177	
0.76856422	
0.74370045	
0.71260118	
0.66743799	
0.64114685	
0.71696106	
0.68139085	
0.65393825	
0.66729040	
0.62679838	
0.62562166	
0.66078616	
0.63093740	
0.62753135	
0.65692027	
0.67818538	
0.68565139	
0.71145826	
0.75003958	
0.69937331	
0.65295499	
0.68549390	
0.64457946	
0.68209801	
0.70262362	
0.71208211	
0.71306629	
0.77106598	
0.74047608	
0.74596252	
0.79314408	
0.83171495	
0.77852336	
0.83445685	
0.81303073	
0.82020627	
0.78747443	
0.79719331	
0.79399139	
0.73590857	
0.73906763	
0.73133114	
0.67633931	
0.66883244	
0.66197144	
0.65077729	
0.59797810	
0.63844574	
0.63993502	
0.62680888	
0.64287821	
0.64283305	
0.65262825	
0.65270292	
0.68404140	
0.72452889	
0.71206514	
0.70183327	
0.65835102	
0.69721000	
0.67368239	
0.66746578	
0.67121299	
0.70491976	
0.73678087	
0.70810012	
0.73029706	
0.75619591	
0.77525774	
0.74015783	
0.73392331	
0.68771408	
0.69360843	
0.72075217	
0.67582311	
0.68493178	
0.66344597	
0.71514568	
0.64873865	
0.68360279	
0.71431681	
0.68779310	
0.73386325	
0.70765859	
0.72219627	
0.73508775	
0.69818226	
0.68150353	
0.72007465	
0.71471654	
0.68781214	
0.66490464	
0.71401254	
0.61241625	
0.68915718	
0.73972874	
0.65667669	
0.67837575	
0.76559090	