site_id	lon	lat	observed_east_mm_per_yr	observed_north_mm_per_yr	modeled_east_mean_mm_per_yr	modeled_north_mean_mm_per_yr	modeled_east_std_mm_per_yr	modeled_north_std_mm_per_yr
1	140.040000000162	41.4659999999975	-8.08651784701	5.6461523795	-4.13907278492537	2.20459003161465	0.228269116856392	0.0609036141027847
2	141.210000000105	41.3009999999966	-7.25619876156	3.77581422013	-8.86251124367707	2.60372539976933	0.247330688950484	0.121159823107319
3	140.270000000223	40.7789999999955	-6.93140594742	5.91185779219	-4.46835739884667	3.21955335933514	0.179180719160406	0.0624901488565403
4	141.790000000098	40.1329999999918	-10.0605767402	6.37733061632	-11.3173446766486	11.3451336032972	0.233881264599595	0.16413552249277
5	141.940000000093	39.5719999999884	-14.0575099927	7.34581392094	-22.0338219022388	13.6175861681683	0.30729243154922	0.177898831028257
6	141.200000000289	39.1109999999856	-19.6133673873	12.168447944	-20.4972611879783	12.4914430052917	0.273524351410821	0.142843090962296
7	139.780000000366	39.9679999999929	-9.69571951993	6.80743094299	-7.03224692398915	5.66691795518317	0.138443770554902	0.0680342706533184
8	140.050000000438	39.3989999999895	-10.9628998943	9.24377583483	-11.6109157497558	7.61257601283582	0.172419105099154	0.0803910018834508
9	139.810000000557	38.8949999999869	-11.7198723706	8.11479449911	-13.862140191981	6.64770104116689	0.179911739436436	0.0786091485846286
10	140.320000000515	38.7589999999846	-10.8528896351	11.5877548836	-17.7011357515739	8.30378911468114	0.230337137485926	0.102435125065407
11	139.560000000651	38.5559999999854	-13.8522912312	6.68910646332	-13.8174313543148	5.42487375226594	0.168980055547589	0.0797039608293885
12	140.370000000587	38.3309999999809	-19.0390362081	10.0679290467	-19.757726938209	7.6327389395251	0.244048202968572	0.13615788068599
13	141.440000000296	38.4489999999795	-28.9357837203	14.2066148256	-27.5463534084803	12.9579245037449	0.350569676099432	0.191946445005918
14	140.950000000452	38.3169999999792	-24.9650169162	12.3099150359	-24.0492072769606	9.85540962654003	0.295813669863758	0.167776959205155
15	140.910000000545	37.8009999999738	-25.841848667	11.5881228518	-23.6585652299322	8.8573551546133	0.3710336791116	0.206590700112683
16	139.790000000846	37.6439999999766	-15.813743661	7.42314766658	-16.1165694636092	4.18025731774763	0.217999321085689	0.106728772736792
17	140.900000000676	37.0909999999649	-22.3591279474	10.9160183466	-21.8051702438806	9.35062929492537	0.437444325484959	0.174564230413318
18	140.610000000908	36.5399999999582	-14.5382951083	4.25058196872	-15.9043777415332	5.18051334301221	0.316452851060653	0.123336737226306
19	139.730000001212	36.4019999999623	-10.9325512813	2.96351045423	-8.87162959624152	0.445782368860244	0.179095932377093	0.0237265939298098
20	138.870000001328	36.2589999999685	-5.86474790321	3.79308203998	-5.63416685251018	-0.371306801614654	0.0920634841965505	0.0115828884051545
21	139.510000000731	38.2309999999831	-15.1508471628	6.77952132725	-14.258394685156	4.71978088535956	0.172012253148611	0.0862755882131855
22	138.990000000834	37.895999999983	-10.5222779974	4.63729718736	-11.4402761832564	2.85423110789688	0.141035861268088	0.062450141454855
23	138.570000000947	37.3979999999817	-10.4958165608	1.64081572304	-8.85697184735414	1.26169199407056	0.114066786902735	0.0421266989451072
24	140.880000000119	41.4549999999972	-7.81763229991	4.42863785293	-7.0007147639213	2.46904041483039	0.288982056906229	0.0855458358469365
25	140.640000000169	41.0429999999961	-6.16758839103	6.46732951525	-5.32554257310719	2.33087597569878	0.221869923808774	0.0659102213897448
26	141.37000000011	40.9679999999956	-7.38991229599	5.52343298532	-8.1973187818996	2.98128489112619	0.203460620653567	0.171105149720517
27	141.200000000151	40.6249999999943	-7.60398587337	6.41745638643	-4.9112311502171	4.54117130278155	0.182737366978363	0.123077367415859
28	139.930000000268	40.5779999999951	-9.39506778919	6.27609397272	-4.65121580483039	3.87000894940298	0.152507576295619	0.0625317912048054
29	140.580000000226	40.5239999999943	-7.31066216335	6.64718467457	-4.49551717332429	4.53271427506106	0.161531540321368	0.0739184559678652
30	141.51000000012	40.5149999999937	-8.78126390071	6.74500847079	-6.28947686496608	6.65763366945726	0.204043731807658	0.168988171736095
31	141.080000000193	40.2909999999929	-6.15637560812	9.79770020938	-5.05751117074627	7.3237890219403	0.171465997122867	0.103111889244372
32	141.710000000098	40.4049999999931	-9.65784796877	5.54091060439	-8.21034324540027	8.8435594631886	0.220989138745362	0.182536696334955
33	141.290000000165	40.2909999999928	-7.4533873179	8.17368354463	-5.5383837602171	8.02145942850746	0.186502830770403	0.121478101964214
34	141.460000000157	40.0489999999915	-9.26488829021	9.62192471165	-8.7133848014247	10.722524084057	0.204411942555025	0.131733900796906
35	141.230000000199	39.9809999999913	-9.93218309621	11.7667487471	-8.35648614054274	10.3621159118725	0.186482960951113	0.118367238396769
36	141.95000000008	39.8689999999903	-12.0216898908	7.19841841409	-18.0397581685346	13.3856285911262	0.270194345471119	0.170826345065088
37	141.160000000222	39.8509999999906	-11.128610382	11.7187251458	-9.76225565396201	10.8439870181954	0.18751869416782	0.119295312992885
38	141.800000000109	39.8489999999902	-11.9700834334	9.00914496516	-15.5859716318996	12.8677703459023	0.248656281728376	0.155685688216217
39	140.96000000027	39.7009999999899	-6.06999107877	7.50956112925	-11.0607835916282	10.7369455641384	0.190015031466852	0.11472904403048
40	141.170000000245	39.5969999999891	-12.8110017342	13.3721136415	-13.4251547406784	11.8907255526187	0.2068968173203	0.130221265302908
41	141.960000000093	39.4579999999876	-15.309698579	8.89677221219	-23.5318752136228	13.5234405653053	0.345458628349638	0.190614495466443
42	141.050000000292	39.3629999999877	-14.8036216202	15.1688312439	-16.1849090688738	11.8791935025645	0.231189237206447	0.129380816654765
43	141.530000000195	39.337999999987	-16.0290305305	14.2727461516	-19.8412886989145	13.2570438664722	0.267912613671943	0.155370087824542
44	141.800000000139	39.2539999999862	-19.7945514851	11.6896065428	-23.5332213886296	13.3990840410312	0.360168855891492	0.181384647669499
45	141.740000000166	39.0239999999844	-22.7704921519	13.5427393515	-25.3160810127951	13.6409078940434	0.410428633398503	0.182146179607654
46	141.570000000219	38.9029999999835	-23.6369259104	15.5378006928	-25.3522530398914	13.5879059882361	0.370124628432531	0.172019444046406
47	140.800000000424	38.7489999999834	-21.0944418637	15.8919460957	-21.1339962846404	10.2452315661194	0.284948097185348	0.121542557520221
48	141.45000000027	38.6829999999817	-29.7786671339	16.0936254738	-26.3797690821438	13.2798022728494	0.356540750988311	0.175162709116801
49	141.150000000367	38.5389999999809	-26.8555599372	14.0483697142	-24.9878960660244	11.3958203887246	0.321073635697284	0.149972330161032
50	140.850000000463	38.4119999999803	-22.8339206212	12.4379732749	-23.0891085402849	9.66685667097694	0.288231246837297	0.150891789503631
51	140.64000000055	38.2059999999789	-19.4864317556	10.7488340623	-21.8678669613297	8.35400953606513	0.273951416834526	0.165046678090067
52	140.840000000528	38.0299999999765	-23.7053579895	11.1617516982	-23.3155419326187	8.80020757310719	0.315440612452236	0.194536542367369
53	140.440000000639	37.9899999999773	-17.9562830804	8.8313027229	-20.6073229527001	7.19137329246947	0.276155491941027	0.160346522339248
54	140.580000000249	40.3249999999935	-7.68093852499	10.9418472156	-5.05336522061058	5.81018044477612	0.153638458587418	0.0786485179842464
55	140.260000000286	40.2709999999936	-9.21510597103	8.12653035208	-5.5306647163772	5.52912879431479	0.146775595521543	0.0736515713434684
56	140.790000000237	40.2149999999928	-8.1720879078	9.06108901171	-5.45501746956581	7.08232896738128	0.158251407563171	0.0890662459239452
57	140.400000000307	40.0069999999922	-9.71302765124	8.99215009199	-7.1294842670692	7.18973511671642	0.151950572175881	0.0827297017725516
58	140.130000000344	39.9359999999922	-8.10504265899	7.16221456735	-7.55190050401628	6.69229589841248	0.147623219946279	0.0774544133967204
59	140.600000000317	39.7489999999906	-11.322604087	9.03912213084	-9.69210471966079	9.03435183530529	0.172269381400102	0.0964076983832645
60	140.230000000376	39.6579999999907	-9.22688630823	9.96255662644	-9.91916237519674	7.87693615527816	0.16440280261657	0.0846566721949357
61	140.390000000374	39.5489999999898	-11.7724852583	10.5857411007	-11.3442063465672	8.74717416529172	0.179557837109788	0.0926136185681649
62	140.560000000382	39.3269999999881	-10.4289298753	12.0851449217	-14.2839048875034	9.78513057815468	0.209981353180112	0.104080578098816
63	139.910000000487	39.2059999999887	-10.7155876728	7.82506591188	-12.4749619172049	7.17298085911805	0.174841134742297	0.0767369946136211
64	140.160000000466	39.1639999999879	-11.5711949399	11.3194673292	-13.9350504447354	8.10946325670285	0.194047214484792	0.0865981649656377
65	139.550000000519	39.1859999999894	-9.35513134374	7.64509528149	-11.0365615862144	5.98754337635007	0.155170592164716	0.065209115541894
66	139.960000000567	38.7599999999855	-14.2424198818	7.39173854841	-15.417328461194	6.99600914195387	0.195472083335442	0.0887221116515056
67	139.830000000617	38.5939999999847	-14.7946418033	6.24456928348	-15.328633988209	6.30596485721845	0.188325993351366	0.0905581580296738
68	139.740000000729	38.1459999999814	-16.5138485473	8.97265814995	-15.8418157297558	5.19982653453189	0.193351358160936	0.102214307377404
69	140.090000000718	37.9639999999784	-17.1932565141	9.41536823829	-18.2904076089824	5.9122006919403	0.237902383241787	0.130827069109218
70	140.080000000668	38.1979999999806	-19.8840779013	15.1153854212	-18.0155360753731	6.37306686909091	0.221813930607628	0.124381527673298
71	140.470000000695	37.682999999974	-20.8277474228	10.5814179181	-20.5859646107056	6.7546884590502	0.31073704643285	0.157907322929674
72	140.760000000636	37.5609999999715	-21.6235104416	8.86238552763	-22.231246348019	7.94159252131615	0.367408050463531	0.180709167805372
73	140.070000000816	37.5669999999744	-15.2722609925	8.12425203576	-17.8071632769606	4.91516517348711	0.254954269318524	0.125078063782102
74	141.010000000556	37.5339999999703	-23.1348462593	9.68759235847	-23.9570627679512	9.15679768061058	0.434005311593955	0.248983825452496
75	139.530000000924	37.4729999999763	-13.4920446366	5.90017595672	-14.1204588940706	2.99580982641791	0.191562050078558	0.0882430475279536
76	140.660000000714	37.3249999999689	-21.2171662141	6.8647010348	-20.9473077227544	7.30363091310719	0.341423741267478	0.161133319410775
77	139.360000000987	37.3029999999756	-10.9408929703	4.72952038526	-12.6236548594844	2.15360031995929	0.174936890306409	0.0744105021489682
78	139.500000000981	37.2809999999745	-13.1165111901	4.41384702847	-13.3747326226866	2.38793318442334	0.188851656944553	0.0828090413970484
79	140.990000000606	37.2849999999672	-24.699415581	7.93778762484	-23.0169143245183	9.42733730100407	0.476202658403363	0.234965237996263
80	139.870000000934	37.2609999999721	-15.3858057903	5.39875569423	-15.5999305876934	3.34822823218453	0.228846750795655	0.110220691395211
81	140.26000000088	37.1259999999683	-15.4699007019	4.90889274679	-17.5403339101221	4.63198216705563	0.272374248316034	0.143448088065463
82	140.560000000798	37.0889999999663	-17.6322414561	8.3417415636	-19.4448766379376	6.53486043592944	0.312790265957663	0.158793596872243
83	140.410000000901	36.861999999964	-18.0952770645	5.86698534461	-17.1869203460923	4.90813333081411	0.308718100349234	0.141640441154008
84	140.290000000993	36.6509999999617	-16.113930281	4.92767540999	-14.4963984671642	3.28027322751696	0.299135097400314	0.097206626949948
85	140.750000000793	36.7999999999614	-24.5876416436	4.75924998622	-19.698074234152	7.8658328719403	0.362096756973076	0.140258013879728
86	140.080000001138	36.364999999959	-11.3592472014	2.83103078194	-9.93287834238806	1.30695435747625	0.218441277284366	0.0356282666811496
87	140.480000001008	36.3439999999559	-11.1296374061	5.108298363	-11.8603587164586	3.23863565678426	0.250783862378175	0.0850211716740353
88	140.040000001009	36.8539999999661	-14.9443016129	5.07068234595	-14.4359572076526	2.69432243081411	0.256371969051212	0.10502456627216
89	139.620000001149	36.6659999999666	-10.0037319901	2.08824570921	-10.6334267921438	0.849348443663501	0.191931628000678	0.0496888702867773
90	139.920000001111	36.5989999999635	-13.5862590564	5.59338353628	-11.5802526073948	1.40627503896879	0.231375119961846	0.0575804725895156
91	139.220000001157	36.769999999971	-11.359173097	4.12583995734	-9.52005845278154	0.557076221614654	0.151984983999829	0.0415096223853068
92	138.550000001215	36.5079999999742	-4.65349485643	4.84054912328	-6.04699557550882	-0.171900778643148	0.0895896651448412	0.0181058299374081
93	139.330000001263	36.421999999966	-9.63067431834	2.41215772598	-7.72084144067843	-0.0246740433785617	0.13877999229627	0.0192415513058356
94	139.080000001426	35.9869999999629	-6.58744439342	0.467426668516	-4.49498132895522	-0.445842211316147	0.0781415640724382	0.00818970262981287
95	139.800000001362	35.8959999999543	-6.01327630772	2.63395920963	-4.35591449700136	0.159260889104478	0.08928369313209	0.0117172858214657
96	140.050000001368	35.6569999999479	-0.375138420084	1.21864801392	-2.50354550716418	0.725134763432836	0.0530380388231092	0.0227840069656392
97	139.250000000689	38.4649999999859	-9.68133675071	6.06276792584	-12.2990911251289	4.45418769948439	0.150943717922556	0.0685163540917218
98	138.510000000702	38.3189999999881	-7.95234637536	4.61800557903	-9.00212651061058	2.75587176991859	0.115844285374226	0.0444373518108407
99	138.470000000761	38.0629999999868	-8.2382299346	3.89843256017	-8.98029276742198	2.30973229527815	0.113331286561373	0.0441182464172307
100	139.350000000817	37.9289999999814	-14.0740290209	6.86117609944	-13.5082029544776	3.69142471211669	0.166959518069416	0.0803262913260853
101	138.270000000798	37.8159999999864	-6.71412603327	4.93549819091	-8.140475389308	1.67914145302578	0.103091920887971	0.0382778858330446
102	139.480000000871	37.6859999999786	-14.3595105977	8.10157775482	-14.1811753314925	3.43585131286296	0.183814702371866	0.087214390258316
103	138.780000000888	37.6679999999824	-8.73750105659	6.17693510806	-10.2175182289281	2.0423612283175	0.128298915030882	0.0526852619622147
104	139.060000000897	37.6619999999807	-7.68517091117	4.32260180997	-11.6662859331343	2.48256385122117	0.147683564030162	0.0643689143251734
105	139.000000000951	37.4679999999794	-8.20647467554	7.21942339114	-11.0370400822388	1.93833190275441	0.143555914825255	0.0591654395394564
106	138.79000000099	37.3109999999795	-9.73857633953	3.20116320475	-9.6489096521981	1.32151215986431	0.127328192337608	0.0474224001629719
107	138.330000000963	37.2309999999822	-4.69060048063	2.90744873336	-7.59662584124831	0.782426765468114	0.0989266369235554	0.0331823119339567
108	138.930000001038	37.1659999999772	-9.40501573447	9.64792694704	-9.90480406373134	1.15924908956581	0.1360872708877	0.0489198397018197
109	138.610000001044	37.0789999999788	-7.38016037626	3.21777715344	-8.25866825048847	0.703988416363636	0.111961611391399	0.0361302791831889
110	138.830000001087	36.9929999999764	-8.7883448922	4.51806584649	-8.87270090080054	0.701944274043419	0.125404299673097	0.0393690849426992
111	138.440000001107	36.8019999999779	-3.8025031802	3.92695178648	-6.80646127940298	0.174778705766621	0.0948583669658477	0.0253708842675503
112	138.64000000128	36.3459999999717	-4.00975261665	6.87976980841	-5.58696635636364	-0.319063158276798	0.0859209679338437	0.0140333475850501
113	141.45000000008	41.4049999999968	-8.20346740598	5.02007715636	-10.695097528019	3.62958583164179	0.277816099720288	0.144677340975305
114	140.490000000166	41.1849999999966	-7.22022717517	8.3681033217	-5.24007701906377	2.22954123876526	0.239579651551817	0.0609352264886245
115	140.820000000147	41.1459999999963	-7.78601101922	6.0105078795	-6.17663067587517	2.1267598287924	0.237642835133175	0.0755915557159479
116	140.870000000162	40.9129999999956	-8.46291700004	5.75188642422	-5.32915693843962	2.5305088156445	0.201461470335792	0.081807575061633
117	141.130000000141	40.8619999999953	-6.82806863961	6.92131313148	-5.88725715886024	2.82859289043419	0.193270926026609	0.116922448464756
118	140.590000000206	40.705999999995	-6.5863703533	6.98835634471	-4.47726462704206	3.4983283297422	0.177077953328329	0.0698560921324418
119	141.380000000127	40.6759999999945	-8.40698718756	6.64697992834	-6.01645016042062	4.61120163860244	0.193911141094663	0.159913091782402
120	140.480000000224	40.6239999999948	-7.50196535935	4.28576385403	-4.47719162909091	3.90948323571235	0.168032980518416	0.0691542603406303
121	140.800000000193	40.6439999999947	-7.56907672388	7.12829695565	-4.34530275070556	3.89503682909091	0.173153854632646	0.0798684048785617
122	140.450000000196	40.9099999999958	-7.05588162057	5.92648629208	-4.69097821751696	2.73080334364993	0.199463229112409	0.0624339897355351
123	141.070000000226	39.9529999999913	-6.00403762054	14.6451322492	-8.12897602791045	9.941788417327	0.1780005090375	0.110686670620741
124	140.770000000344	39.350999999988	-13.0713483551	11.5195760758	-14.9233759610176	10.7128809505563	0.220070517799032	0.114812089812325
125	141.580000000198	39.1429999999855	-18.7258301469	16.2131698606	-22.8221309200814	13.4885597896065	0.31886017596312	0.163098291397862
126	141.680000000146	39.5959999999887	-13.2601338817	12.4086079426	-17.7287899345455	13.1362411667029	0.248997868959615	0.155722226322042
127	140.850000000443	38.5459999999815	-23.3476809338	12.9412725368	-22.6103829337585	9.99196919474899	0.291146633914933	0.135587661252894
128	141.210000000365	38.4249999999797	-25.835428785	14.4563291082	-25.8875563967707	11.456796110882	0.323794727541368	0.16526678665963
129	141.500000000292	38.300999999978	-30.4439312262	15.1262392569	-28.4345807056716	13.0643222716689	0.375323866387918	0.215155876235377
130	139.850000000373	39.8909999999925	-8.6025360008	6.6250886908	-7.56263775364993	6.05931486715061	0.142304251173432	0.0706490661272867
131	140.040000000369	39.8259999999919	-8.39259186988	9.98066453173	-8.24090021139755	6.77604683810041	0.149297329205793	0.0761760453278478
132	140.730000000305	39.7029999999902	-8.69292546951	9.37909668097	-10.4407307626187	9.74447003037992	0.180819772345598	0.103310981930321
133	140.51000000041	39.1989999999874	-13.147921447	11.7212940043	-15.370695665251	9.57739890430122	0.218777279010437	0.102378610638057
134	139.93000000052	39.0159999999874	-11.8549906999	8.42241558248	-13.8355125468792	7.17376305674355	0.185407328389104	0.0801685394482462
135	140.270000000644	38.1479999999795	-15.0553009665	9.69326749636	-19.371570514749	6.91160973675713	0.243568980539317	0.140828772074879
136	140.95000000053	37.8179999999739	-23.5583041695	13.3856003445	-23.9648425011398	9.06743853272727	0.374158718583869	0.212066097780733
137	140.210000000774	37.6159999999743	-11.4255644738	11.6612682264	-18.8095709837313	5.56869540786974	0.273795145651794	0.135535029677511
138	140.140000000836	37.4249999999725	-15.9273714457	8.74037381733	-17.9004888272863	4.81388475819539	0.26389335376061	0.129859044677081
139	140.830000000657	37.3249999999683	-19.1262634064	8.80866925162	-22.0372389052782	8.35228671096336	0.389820563333271	0.183977202861475
140	139.590000001024	37.0969999999719	-13.4808676759	6.45405469783	-13.1383809390231	2.04306137906377	0.197674056476687	0.0831819077616502
141	139.460000000777	38.0559999999819	-14.305473936	8.61978612517	-14.1504929334871	4.22801024265943	0.173117755448647	0.0861413650459007
142	138.370000000759	38.0239999999871	-7.71353376842	4.97551679077	-8.57881063967435	2.11763739149254	0.108800921417132	0.0413689423564313
143	138.71000000092	37.5359999999818	-5.64299008309	5.5488421401	-9.71402815396201	1.68584446111262	0.123593316519349	0.0486104369017001
144	138.520000000956	37.3489999999817	-5.61405931282	4.22929716099	-8.55681219196744	1.12705746455902	0.110706771771554	0.0397935787563182
145	138.240000000997	37.0569999999816	-4.22147291046	6.23965986169	-6.90447254211669	0.467666193134328	0.0912078684068358	0.0284579556738975
146	139.070000000872	37.7519999999814	-11.3707524161	5.13432945802	-11.8119889351425	2.69407471078697	0.147876837327927	0.065704945749748
147	140.5000000009	36.7429999999618	-14.6451654244	5.77265691222	-17.0832988481276	5.21827804238806	0.329076637993699	0.131746402639136
148	139.990000001182	36.3009999999588	-8.80351824188	3.00463931457	-8.80754599329715	0.872974400027137	0.191809200068654	0.0243325981938267
149	139.930000001257	36.1149999999565	-2.98740867445	2.33281235156	-6.57841861521031	0.463696075020353	0.140994598253149	0.0146707311562917
150	140.200000001199	36.0309999999529	-4.41338358057	1.59425279493	-6.11138921814111	1.17287075990502	0.130704294507799	0.0338728594366358
151	140.160000000951	36.9519999999666	-14.8475350443	5.61951581653	-15.9294848716418	3.59975337648575	0.26809428393668	0.127514929026731
152	139.810000001023	36.9799999999692	-12.4812832432	5.94326101262	-13.8277537476391	2.26876734652646	0.223086037216404	0.0946188031169794
153	139.850000001074	36.7759999999663	-12.0093011123	2.60104943762	-12.6713186234464	1.73412418667571	0.22867990359263	0.0777492420645617
154	140.160000001022	36.6919999999632	-12.323084422	4.07180724197	-13.9417778582632	2.70409580397558	0.278204449818176	0.0920486772574758
155	139.49000000118	36.6239999999671	-6.94409631926	-2.09255179593	-9.74295127470828	0.534977341424695	0.173039860750789	0.0397514271899137
156	140.180000001057	36.5419999999609	-12.2806862609	3.07231443593	-12.5394439958752	2.26264805982361	0.269485744999351	0.0673251577792761
157	138.590000001185	36.6159999999749	-5.77491970652	4.84798747695	-6.58514442165536	-0.0363494079511533	0.0967242496749539	0.0213674661728207
158	139.070000001339	36.2349999999661	-5.55974642227	3.35029822287	-5.88255516898236	-0.353858132116689	0.101273263730174	0.0103634750277306
159	138.91000000137	36.1429999999667	-5.23551729702	1.8429665988	-5.10930934744912	-0.436139802550882	0.0849703906002918	0.00945006640681142
160	138.500000001282	36.2849999999725	-5.27595271711	4.09445454197	-5.06609857588874	-0.367788738086839	0.0761252265141537	0.0131790999823403
161	140.090000001213	36.103999999955	-6.64398504002	2.524391498	-6.79534591834464	0.881176085305292	0.147622673599966	0.0248445887532949
162	139.060000001237	36.5389999999698	-6.90262590021	3.52684445411	-7.62275400914518	-0.00178595887381275	0.125002192612711	0.0232393221987386
163	139.270000001411	36.0039999999611	-4.58790590944	1.79395720311	-4.77258138808684	-0.37781550568521	0.0870957275599719	0.0076726612780359
164	139.370000001474	35.8009999999572	-3.25632530248	0.858602629951	-3.62085510432836	-0.277457938792402	0.0669001548853881	0.00897625662462739
165	139.370000001542	35.6159999999545	-2.68921349674	1.65051493569	-2.68512442160109	-0.175146996078697	0.0490294693098717	0.00931270523404699
166	141.450000000173	39.8489999999904	-11.1532905456	10.2343767096	-11.4207381799322	11.7994248026459	0.206302200847385	0.134574875334204
167	140.990000000332	39.126999999986	-9.84714428048	14.8355069196	-18.9231095974356	11.6722091196472	0.261291412542965	0.130493227797973
168	140.650000000588	37.9839999999766	-19.9335585994	10.8690328047	-22.0018120373134	7.97970990945726	0.301658830456125	0.178979768640198
169	140.820000000252	40.044999999992	-7.76455663039	13.8712742511	-6.78566143223881	8.37415734755767	0.163440384068871	0.0951880677572
170	140.090000000616	38.4339999999826	-16.9074769287	12.0325802493	-17.5593798563501	6.88165177545454	0.214496106149323	0.112213708553933
171	140.840000000713	37.0179999999641	-18.1494800189	8.271117195	-21.2118624170556	8.9647315044369	0.403489706733201	0.154906644685815
172	139.400000001062	37.0369999999726	-7.82682115469	5.35333254166	-11.7897489755767	1.48617625601085	0.177170823637162	0.0670462852219686
173	138.940000001158	36.7779999999734	-6.78067010115	2.51866950573	-8.42860614176391	0.353791948765265	0.127482003301399	0.0333697584500003
174	140.200000000628	38.288999999981	-18.9037759332	13.2670755899	-18.6695191385889	6.95738135237449	0.229067778599799	0.128141324401423
175	139.520000001592	35.4189999999496	3.84390820075	2.83377457613	-1.81290084416554	0.072848927761194	0.0346866436117381	0.0109880798085465
176	139.230000000849	37.8279999999811	-12.3370313992	6.88708661581	-12.7702775860244	3.19369000800543	0.159215099107077	0.0738124536426721
177	138.880000000863	37.7769999999826	-6.73828698026	3.35443750554	-10.8155329568928	2.4142055760787	0.134637862675989	0.0574921185247072
178	138.780000000935	37.4989999999811	-0.899907106856	1.58124662685	-9.98559742199458	1.69720296149254	0.127882739578226	0.0506470208740224
179	138.920000000915	37.5899999999809	-6.11706708216	3.70789480964	-10.8253298536228	2.09222101542741	0.137664290150518	0.0573219320836772
180	140.090000001213	36.105999999955	-9.68690628063	4.82215993514	-6.81921837890095	0.883416154450475	0.148188313832385	0.0248642264527781
181	139.54000000128	36.2949999999625	-8.19173239077	-1.24083807155	-7.3454817656445	-0.0068594279375848	0.142893872815788	0.0119335553323955
182	140.17000000114	36.2629999999568	-9.35003626677	2.23778456801	-9.04827916841248	1.40722293214383	0.200667446370166	0.0361337913627163
183	139.810000001258	36.2039999999588	-6.4245492814	0.210437415631	-7.20643709645862	0.295729599837178	0.15176127726846	0.0108516526593833
184	140.540000001026	36.1809999999529	-8.32038240854	4.90355798569	-9.35002824810041	3.08998410675712	0.188405852087397	0.0936621041017213
185	139.350000001363	36.1209999999619	-8.0848159508	2.96229440673	-5.63583449734057	-0.306799515671642	0.105180109645057	0.00688737364843437
186	140.340000001128	36.0969999999529	-5.6831626108	2.71055474382	-7.30346070162822	1.814584188019	0.154799878509718	0.0520713300924802
187	139.640000001333	36.0869999999586	-6.9305318474	2.75636245105	-5.81034665381276	-0.0574307363364993	0.116994332982195	0.00630703494422161
188	140.660000001031	35.9549999999482	-4.22097758543	8.1189333175	-5.6900861187517	3.32211454192673	0.116633658428035	0.119071865649027
189	140.400000001141	35.9699999999503	-4.04745607825	5.28707055257	-5.57340836127544	1.9208889668114	0.115330546267712	0.0593656728377606
190	139.460000001418	35.9259999999581	-5.61671602526	3.70587138607	-4.41295886620082	-0.251966142320217	0.0842687511051387	0.00819437424887001
191	139.990000001295	35.9399999999532	-4.05223369652	0.781799572505	-4.8533895049118	0.528667637137042	0.102397692974311	0.0182046762361952
192	139.650000001382	35.9369999999563	-4.11643547576	-0.24076009369	-4.6072372170692	-0.0634905376797829	0.092036794002094	0.00884714459535238
193	140.150000001264	35.8739999999507	-6.72710913006	2.98404175187	-4.25763302723202	0.947578877313433	0.0897036468256345	0.0286959468678872
194	140.410000001184	35.8029999999473	-2.39990642557	7.30080282902	-3.47806858985075	1.83353647180461	0.0745672151552381	0.0572691284988072
195	139.810000001399	35.7799999999523	-4.34322176115	0.511077968983	-3.47808695119403	0.212742756322931	0.0703473006793798	0.0129161610168874
196	139.640000001445	35.7589999999537	-6.82510982214	2.15073815709	-3.37105124525102	-0.012527189375848	0.065894266010712	0.0104431421173901
197	140.020000001336	35.7859999999504	-2.85133850614	2.85358919815	-3.46905665782904	0.616747831085482	0.0721945081940631	0.0204648848383681
198	140.650000001081	35.7769999999451	-2.96765514925	5.34939692099	-3.09006355820896	2.90761634810041	0.0726149884312054	0.0986637956591044
199	139.90000000141	35.6749999999497	-2.84856178968	3.12071613154	-2.73284739345997	0.417279205115332	0.0560422492604026	0.0162830106658618
200	140.450000001213	35.6419999999441	-0.33704835913	5.34982223345	-1.98062256606513	1.85328911557666	0.0494351635857755	0.0561645497628477
201	139.670000001509	35.5629999999503	-2.64441733269	2.53532583736	-2.2817199405156	0.14228690972863	0.0449204534702575	0.0120789335425896
202	139.470000001563	35.5209999999519	-2.53822919846	1.59782763736	-2.23165596352782	-0.0356643952374491	0.0417092328199116	0.0100716600535821
203	139.65000000156	35.4359999999484	-0.965690194658	2.68871290768	-1.7703847775441	0.193642574165536	0.0352718819340024	0.0126465753820424
204	139.270000001512	35.7239999999572	-5.44959302702	0.0787209660823	-3.21436285306649	-0.302207368887381	0.0576128246957632	0.00891324656962859
